Mónica Padilla ,M,20,BCN,BCN,1.52,39.72,41.69,41.46,41.54,40.77,41.036,33.06,34.09,35.08,34.94,34.88,34.41,23,118,86,30/08,
Margareta Boege ,M,45,Alemania,MOR,1.72,45.42,45.34,42.88,43.76,42.24,43.928,35.75,35.68,35.75,36.02,35.14,35.668,24.5,119,78,30/08,
Ana Altamirano ,M,30,CDMX,CDMX,1.56,39.2,41.54,41,41.16,42.64,41.108,40.09,40.54,40.17,39.42,40.24,40.092,24,103,67,30/08,
Carlos Aguilar,H,20,EDOMEX,EDOMEX,1.665,47.59,48.95,49.41,50.44,50.54,49.386,45.25,46.02,45.09,45.09,45.51,45.392,23.5,114,85,30/08,
Erick Santiago,H,19,EDOMEX,EDOMEX,1.71,49.13,51.99,52.69,49.69,50.35,50.77,42.16,41.54,42.08,41.69,41.23,41.74,25.7,90,42,30/08,
Sophia Orozco,M,20,QRO,QRO,1.5,54.1,50.07,51.9,48.4,49.69,50.832,39.79,40.24,40.32,40.7,40.47,40.304,23,102,68,05/09,
Brenda Pardo,M,19,SLP,SLP,1.58,39.65,40.47,43.44,43.28,43.44,42.056,37.06,37.41,36.43,37.2,37.27,37.074,23.5,93,58,05/09,
Arturo García,H,21,MICH,MICH,1.765,44.5,46.97,47.06,47.95,48.13,46.922,41.62,41.77,41.93,42.48,42.56,42.072,26.5,106,51,05/09,
Isaac Garnica,H,19,MICH,MICH,1.68,46.28,44.83,45,42.24,41.46,43.962,37.62,36.02,37.76,38.4,36.71,37.302,26,103,66,05/09,
Ariel Pulido,H,18,VER,VER,1.712,41.31,32.32,42.01,43.28,42.56,40.296,43.6,40.6,40.85,41,41.08,41.426,26,129,91,05/09,
Arlet Lara,M,18,GTO,MICH,1.665,49.8,52.39,52.39,49.97,50.35,50.98,41.85,41.54,41.08,40.7,41.08,41.25,24.5,108,68,05/09,
Luis Felipe Cedeño,H,18,CDMX,CDMX,1.785,40.54,39.42,37.41,38.4,38.33,38.82,36.43,39.35,37.83,34.94,34.55,36.62,26,124,80,05/09,
Valeria Añorve,M,18,GRO,GRO,1.61,59.38,51.7,52.29,60.93,55.58,55.976,43.36,44.67,43.84,44.01,44.25,44.026,25,99,67,05/09,
Tania Sepúlveda,M,18,MICH,MICH,1.63,47.5,48.49,48.13,48.58,49.13,48.366,38.55,39.2,39.2,38.77,38.55,38.854,26,105,64,05/09,
Víctor Flores,H,18,COAH,COAH,1.725,40.7,42.08,41.38,41.69,41.23,41.416,38.69,38.55,38.84,38.91,38.26,38.65,26.5,104,73,05/09,
Luis Fernández,H,18,MICH,MICH,1.76,45.59,45.51,43.04,44.5,44.34,44.596,39.79,39.79,41.38,41.38,41.38,40.744,29,118,69,05/09,
Natalia Rivera,M,18,SLP,SLP,1.645,38.69,40.02,40.92,40.45,38.12,39.64,39.13,39.2,38.77,38.77,39.13,39,24.5,100,65,05/09,
Leo Arteaga,H,21,EDOMEX,EDOMEX,1.56,42.88,42.16,41.46,42.16,41.93,42.118,37.97,38.98,38.26,38.48,38.33,38.404,25,117,92,05/09,
Christian Fernández,H,18,CDMX,CDMX,1.705,47.06,49.5,48.58,48.67,48.49,48.46,45.59,45.51,45.17,45.59,44.83,45.338,24,126,75,05/09,
Diego Aguilera,H,18,EDOMEX,EDOMEX,1.805,44.17,44.67,41,41.08,40.92,42.368,36.29,35.61,35.61,35.61,36.09,35.842,27.5,130,84,05/09,
Brenda Vázquez,M,18,EDOMEX,EDOMEX,1.67,41.46,41.52,41.62,41.54,38.77,40.982,34.81,35.34,35.28,35.14,35.08,35.13,24,102,68,05/09,
Zoe Franco,M,19,GTO,GTO,1.602,49.97,51.7,50.25,50.63,50.73,50.656,42.72,43.2,44.17,43.52,43.76,43.474,23.5,135,85,05/09,
César Aspiros,H,19,OAX,OAX,1.645,54.95,54.84,53.9,53.7,54.21,54.32,37.55,37.62,36.64,37.06,36.92,37.158,23.7,129,80,05/09,
Lucía Morales,M,35,CDMX,CDMX,1.61,49.78,49.97,50.54,50.63,51.21,50.426,46.45,47.86,48.86,48.67,50.07,48.382,24.5,116,85,05/09,
Sebastián García,H,21,CDMX,CDMX,1.79,43.52,43.76,42.64,43.44,43.76,43.424,36.85,37.76,38.04,38.04,37.41,37.62,27,136,71,05/09,
Emilio Calderón,H,18,MONT,QRO,1.74,41,42.48,42.88,41.93,42.16,42.09,37.27,37.2,38.55,37.83,38.84,37.938,25,96,58,05/09,
Luisa Sarai Sevila Nicolas,M,20,OAX,OAX,1.515,55.48,56.23,57.33,56.67,56.01,56.344,41.46,41.85,41.77,42.16,41.93,41.834,23,128,72,05/09,
Jair Garcia,H,32,MOR,MOR,1.65,50.63,50.35,50.54,51.99,52.39,51.18,44.83,47.59,48.31,48.67,46.02,47.084,26,105,63,05/09,
Jorge Luis Cuamatzi,H,26,TLAX,TLAX,1.755,53.9,56.01,56.23,56.56,57.11,55.962,40.77,39.87,39.35,40.62,40.17,40.156,27,120,74,05/09,
Iván Sedeño ,H,20,QRO,QRO,1.74,52.89,53.39,52.99,53.49,52.19,52.99,41.93,40.17,41.15,40.92,39.5,40.734,26,135,91,05/09,
Goche Ortega,H,34,CDMX,CDMX,1.81,42.32,42.4,43.28,43.2,42.96,42.832,37.13,37.34,36.92,37.34,35.95,36.936,26,111,66,05/09,
